2020/11/14-20:12:41.752707 7fe845f4eb20 RocksDB version: 6.10.0
2020/11/14-20:12:41.752813 7fe845f4eb20 Git sha rocksdb_build_git_sha:@@GIT_SHA@@
2020/11/14-20:12:41.752819 7fe845f4eb20 Compile date Nov 13 2020
2020/11/14-20:12:41.752830 7fe845f4eb20 DB SUMMARY
2020/11/14-20:12:41.752901 7fe845f4eb20 CURRENT file:  CURRENT
2020/11/14-20:12:41.752905 7fe845f4eb20 IDENTITY file:  IDENTITY
2020/11/14-20:12:41.752914 7fe845f4eb20 MANIFEST file:  MANIFEST-000001 size: 13 Bytes
2020/11/14-20:12:41.752920 7fe845f4eb20 SST files in /home/williamthefatty/Desktop/GitHub/FXServer/db/default dir, Total Num: 0, files: 
2020/11/14-20:12:41.752924 7fe845f4eb20 Write Ahead Log file in /home/williamthefatty/Desktop/GitHub/FXServer/db/default: 000003.log size: 0 ; 
2020/11/14-20:12:41.752961 7fe845f4eb20                         Options.error_if_exists: 0
2020/11/14-20:12:41.752966 7fe845f4eb20                       Options.create_if_missing: 1
2020/11/14-20:12:41.752970 7fe845f4eb20                         Options.paranoid_checks: 1
2020/11/14-20:12:41.752973 7fe845f4eb20                                     Options.env: 0x7fe847835f38
2020/11/14-20:12:41.752986 7fe845f4eb20                                      Options.fs: Posix File System
2020/11/14-20:12:41.752991 7fe845f4eb20                                Options.info_log: 0x7fe8239a3360
2020/11/14-20:12:41.752995 7fe845f4eb20                Options.max_file_opening_threads: 16
2020/11/14-20:12:41.752999 7fe845f4eb20                              Options.statistics: 0
2020/11/14-20:12:41.753003 7fe845f4eb20                               Options.use_fsync: 0
2020/11/14-20:12:41.753007 7fe845f4eb20                       Options.max_log_file_size: 0
2020/11/14-20:12:41.753010 7fe845f4eb20                  Options.max_manifest_file_size: 1073741824
2020/11/14-20:12:41.753014 7fe845f4eb20                   Options.log_file_time_to_roll: 0
2020/11/14-20:12:41.753018 7fe845f4eb20                       Options.keep_log_file_num: 1000
2020/11/14-20:12:41.753022 7fe845f4eb20                    Options.recycle_log_file_num: 0
2020/11/14-20:12:41.753026 7fe845f4eb20                         Options.allow_fallocate: 1
2020/11/14-20:12:41.753035 7fe845f4eb20                        Options.allow_mmap_reads: 0
2020/11/14-20:12:41.753039 7fe845f4eb20                       Options.allow_mmap_writes: 0
2020/11/14-20:12:41.753043 7fe845f4eb20                        Options.use_direct_reads: 0
2020/11/14-20:12:41.753047 7fe845f4eb20                        Options.use_direct_io_for_flush_and_compaction: 0
2020/11/14-20:12:41.753051 7fe845f4eb20          Options.create_missing_column_families: 0
2020/11/14-20:12:41.753055 7fe845f4eb20                              Options.db_log_dir: 
2020/11/14-20:12:41.753058 7fe845f4eb20                                 Options.wal_dir: /home/williamthefatty/Desktop/GitHub/FXServer/db/default
2020/11/14-20:12:41.753062 7fe845f4eb20                Options.table_cache_numshardbits: 6
2020/11/14-20:12:41.753066 7fe845f4eb20                      Options.max_subcompactions: 1
2020/11/14-20:12:41.753070 7fe845f4eb20                         Options.WAL_ttl_seconds: 0
2020/11/14-20:12:41.753074 7fe845f4eb20                       Options.WAL_size_limit_MB: 0
2020/11/14-20:12:41.753082 7fe845f4eb20                        Options.max_write_batch_group_size_bytes: 1048576
2020/11/14-20:12:41.753087 7fe845f4eb20             Options.manifest_preallocation_size: 4194304
2020/11/14-20:12:41.753115 7fe845f4eb20                     Options.is_fd_close_on_exec: 1
2020/11/14-20:12:41.753119 7fe845f4eb20                   Options.advise_random_on_open: 1
2020/11/14-20:12:41.753123 7fe845f4eb20                    Options.db_write_buffer_size: 0
2020/11/14-20:12:41.753147 7fe845f4eb20                    Options.write_buffer_manager: 0x7fe823a65460
2020/11/14-20:12:41.753151 7fe845f4eb20         Options.access_hint_on_compaction_start: 1
2020/11/14-20:12:41.753154 7fe845f4eb20  Options.new_table_reader_for_compaction_inputs: 0
2020/11/14-20:12:41.753158 7fe845f4eb20           Options.random_access_max_buffer_size: 1048576
2020/11/14-20:12:41.753162 7fe845f4eb20                      Options.use_adaptive_mutex: 0
2020/11/14-20:12:41.753165 7fe845f4eb20                            Options.rate_limiter: 0
2020/11/14-20:12:41.753186 7fe845f4eb20     Options.sst_file_manager.rate_bytes_per_sec: 0
2020/11/14-20:12:41.753191 7fe845f4eb20                       Options.wal_recovery_mode: 2
2020/11/14-20:12:41.753195 7fe845f4eb20                  Options.enable_thread_tracking: 0
2020/11/14-20:12:41.753198 7fe845f4eb20                  Options.enable_pipelined_write: 0
2020/11/14-20:12:41.753202 7fe845f4eb20                  Options.unordered_write: 0
2020/11/14-20:12:41.753205 7fe845f4eb20         Options.allow_concurrent_memtable_write: 1
2020/11/14-20:12:41.753209 7fe845f4eb20      Options.enable_write_thread_adaptive_yield: 1
2020/11/14-20:12:41.753213 7fe845f4eb20             Options.write_thread_max_yield_usec: 100
2020/11/14-20:12:41.753216 7fe845f4eb20            Options.write_thread_slow_yield_usec: 3
2020/11/14-20:12:41.753220 7fe845f4eb20                               Options.row_cache: None
2020/11/14-20:12:41.753224 7fe845f4eb20                              Options.wal_filter: None
2020/11/14-20:12:41.753228 7fe845f4eb20             Options.avoid_flush_during_recovery: 0
2020/11/14-20:12:41.753237 7fe845f4eb20             Options.allow_ingest_behind: 0
2020/11/14-20:12:41.753241 7fe845f4eb20             Options.preserve_deletes: 0
2020/11/14-20:12:41.753244 7fe845f4eb20             Options.two_write_queues: 0
2020/11/14-20:12:41.753248 7fe845f4eb20             Options.manual_wal_flush: 0
2020/11/14-20:12:41.753251 7fe845f4eb20             Options.atomic_flush: 0
2020/11/14-20:12:41.753255 7fe845f4eb20             Options.avoid_unnecessary_blocking_io: 0
2020/11/14-20:12:41.753259 7fe845f4eb20                 Options.persist_stats_to_disk: 0
2020/11/14-20:12:41.753262 7fe845f4eb20                 Options.write_dbid_to_manifest: 0
2020/11/14-20:12:41.753266 7fe845f4eb20                 Options.log_readahead_size: 0
2020/11/14-20:12:41.753270 7fe845f4eb20                 Options.file_checksum_gen_factory: Unknown
2020/11/14-20:12:41.753274 7fe845f4eb20                 Options.best_efforts_recovery: 0
2020/11/14-20:12:41.753278 7fe845f4eb20             Options.max_background_jobs: 2
2020/11/14-20:12:41.753286 7fe845f4eb20             Options.max_background_compactions: -1
2020/11/14-20:12:41.753290 7fe845f4eb20             Options.avoid_flush_during_shutdown: 0
2020/11/14-20:12:41.753294 7fe845f4eb20           Options.writable_file_max_buffer_size: 1048576
2020/11/14-20:12:41.753298 7fe845f4eb20             Options.delayed_write_rate : 16777216
2020/11/14-20:12:41.753301 7fe845f4eb20             Options.max_total_wal_size: 0
2020/11/14-20:12:41.753305 7fe845f4eb20             Options.delete_obsolete_files_period_micros: 21600000000
2020/11/14-20:12:41.753308 7fe845f4eb20                   Options.stats_dump_period_sec: 600
2020/11/14-20:12:41.753312 7fe845f4eb20                 Options.stats_persist_period_sec: 600
2020/11/14-20:12:41.753316 7fe845f4eb20                 Options.stats_history_buffer_size: 1048576
2020/11/14-20:12:41.753320 7fe845f4eb20                          Options.max_open_files: -1
2020/11/14-20:12:41.753323 7fe845f4eb20                          Options.bytes_per_sync: 0
2020/11/14-20:12:41.753331 7fe845f4eb20                      Options.wal_bytes_per_sync: 0
2020/11/14-20:12:41.753335 7fe845f4eb20                   Options.strict_bytes_per_sync: 0
2020/11/14-20:12:41.753339 7fe845f4eb20       Options.compaction_readahead_size: 0
2020/11/14-20:12:41.753343 7fe845f4eb20                  Options.max_background_flushes: -1
2020/11/14-20:12:41.753346 7fe845f4eb20 Compression algorithms supported:
2020/11/14-20:12:41.753351 7fe845f4eb20 	kZSTDNotFinalCompression supported: 0
2020/11/14-20:12:41.753355 7fe845f4eb20 	kZSTD supported: 0
2020/11/14-20:12:41.753359 7fe845f4eb20 	kXpressCompression supported: 0
2020/11/14-20:12:41.753362 7fe845f4eb20 	kLZ4HCCompression supported: 1
2020/11/14-20:12:41.753366 7fe845f4eb20 	kLZ4Compression supported: 1
2020/11/14-20:12:41.753370 7fe845f4eb20 	kBZip2Compression supported: 0
2020/11/14-20:12:41.753374 7fe845f4eb20 	kZlibCompression supported: 1
2020/11/14-20:12:41.753378 7fe845f4eb20 	kSnappyCompression supported: 0
2020/11/14-20:12:41.753423 7fe845f4eb20 Fast CRC32 supported: Not supported on x86
2020/11/14-20:12:41.753679 7fe845f4eb20 [db/version_set.cc:4515] Recovering from manifest file: /home/williamthefatty/Desktop/GitHub/FXServer/db/default/MANIFEST-000001
2020/11/14-20:12:41.753922 7fe845f4eb20 [db/column_family.cc:579] --------------- Options for column family [default]:
2020/11/14-20:12:41.753929 7fe845f4eb20               Options.comparator: leveldb.BytewiseComparator
2020/11/14-20:12:41.753933 7fe845f4eb20           Options.merge_operator: None
2020/11/14-20:12:41.753937 7fe845f4eb20        Options.compaction_filter: None
2020/11/14-20:12:41.753941 7fe845f4eb20        Options.compaction_filter_factory: None
2020/11/14-20:12:41.753944 7fe845f4eb20         Options.memtable_factory: SkipListFactory
2020/11/14-20:12:41.753948 7fe845f4eb20            Options.table_factory: BlockBasedTable
2020/11/14-20:12:41.754078 7fe845f4eb20            table_factory options:   flush_block_policy_factory: FlushBlockBySizePolicyFactory (0x7fe824253d50)
  cache_index_and_filter_blocks: 0
  cache_index_and_filter_blocks_with_high_priority: 1
  pin_l0_filter_and_index_blocks_in_cache: 0
  pin_top_level_index_and_filter: 1
  index_type: 0
  data_block_index_type: 0
  index_shortening: 1
  data_block_hash_table_util_ratio: 0.750000
  hash_index_allow_collision: 1
  checksum: 1
  no_block_cache: 0
  block_cache: 0x7fe825ed5800
  block_cache_name: LRUCache
  block_cache_options:
    capacity : 8388608
    num_shard_bits : 4
    strict_capacity_limit : 0
    memory_allocator : None
    high_pri_pool_ratio: 0.000
  block_cache_compressed: 0
  persistent_cache: 0
  block_size: 4096
  block_size_deviation: 10
  block_restart_interval: 16
  index_block_restart_interval: 1
  metadata_block_size: 4096
  partition_filters: 0
  use_delta_encoding: 1
  filter_policy: nullptr
  whole_key_filtering: 1
  verify_compression: 0
  read_amp_bytes_per_bit: 0
  format_version: 4
  enable_index_compression: 1
  block_align: 0
2020/11/14-20:12:41.754134 7fe845f4eb20        Options.write_buffer_size: 67108864
2020/11/14-20:12:41.754139 7fe845f4eb20  Options.max_write_buffer_number: 2
2020/11/14-20:12:41.754143 7fe845f4eb20          Options.compression: LZ4
2020/11/14-20:12:41.754147 7fe845f4eb20                  Options.bottommost_compression: Disabled
2020/11/14-20:12:41.754151 7fe845f4eb20       Options.prefix_extractor: nullptr
2020/11/14-20:12:41.754154 7fe845f4eb20   Options.memtable_insert_with_hint_prefix_extractor: nullptr
2020/11/14-20:12:41.754158 7fe845f4eb20             Options.num_levels: 7
2020/11/14-20:12:41.754162 7fe845f4eb20        Options.min_write_buffer_number_to_merge: 1
2020/11/14-20:12:41.754165 7fe845f4eb20     Options.max_write_buffer_number_to_maintain: 0
2020/11/14-20:12:41.754169 7fe845f4eb20     Options.max_write_buffer_size_to_maintain: 0
2020/11/14-20:12:41.754173 7fe845f4eb20            Options.bottommost_compression_opts.window_bits: -14
2020/11/14-20:12:41.754176 7fe845f4eb20                  Options.bottommost_compression_opts.level: 32767
2020/11/14-20:12:41.754186 7fe845f4eb20               Options.bottommost_compression_opts.strategy: 0
2020/11/14-20:12:41.754191 7fe845f4eb20         Options.bottommost_compression_opts.max_dict_bytes: 0
2020/11/14-20:12:41.754195 7fe845f4eb20         Options.bottommost_compression_opts.zstd_max_train_bytes: 0
2020/11/14-20:12:41.754198 7fe845f4eb20         Options.bottommost_compression_opts.parallel_threads: 1
2020/11/14-20:12:41.754202 7fe845f4eb20                  Options.bottommost_compression_opts.enabled: false
2020/11/14-20:12:41.754206 7fe845f4eb20            Options.compression_opts.window_bits: -14
2020/11/14-20:12:41.754210 7fe845f4eb20                  Options.compression_opts.level: 32767
2020/11/14-20:12:41.754213 7fe845f4eb20               Options.compression_opts.strategy: 0
2020/11/14-20:12:41.754217 7fe845f4eb20         Options.compression_opts.max_dict_bytes: 0
2020/11/14-20:12:41.754221 7fe845f4eb20         Options.compression_opts.zstd_max_train_bytes: 0
2020/11/14-20:12:41.754224 7fe845f4eb20         Options.compression_opts.parallel_threads: 1
2020/11/14-20:12:41.754246 7fe845f4eb20                  Options.compression_opts.enabled: false
2020/11/14-20:12:41.754250 7fe845f4eb20      Options.level0_file_num_compaction_trigger: 4
2020/11/14-20:12:41.754254 7fe845f4eb20          Options.level0_slowdown_writes_trigger: 20
2020/11/14-20:12:41.754258 7fe845f4eb20              Options.level0_stop_writes_trigger: 36
2020/11/14-20:12:41.754261 7fe845f4eb20                   Options.target_file_size_base: 67108864
2020/11/14-20:12:41.754265 7fe845f4eb20             Options.target_file_size_multiplier: 1
2020/11/14-20:12:41.754269 7fe845f4eb20                Options.max_bytes_for_level_base: 268435456
2020/11/14-20:12:41.754272 7fe845f4eb20 Options.level_compaction_dynamic_level_bytes: 0
2020/11/14-20:12:41.754276 7fe845f4eb20          Options.max_bytes_for_level_multiplier: 10.000000
2020/11/14-20:12:41.754280 7fe845f4eb20 Options.max_bytes_for_level_multiplier_addtl[0]: 1
2020/11/14-20:12:41.754284 7fe845f4eb20 Options.max_bytes_for_level_multiplier_addtl[1]: 1
2020/11/14-20:12:41.754294 7fe845f4eb20 Options.max_bytes_for_level_multiplier_addtl[2]: 1
2020/11/14-20:12:41.754298 7fe845f4eb20 Options.max_bytes_for_level_multiplier_addtl[3]: 1
2020/11/14-20:12:41.754302 7fe845f4eb20 Options.max_bytes_for_level_multiplier_addtl[4]: 1
2020/11/14-20:12:41.754326 7fe845f4eb20 Options.max_bytes_for_level_multiplier_addtl[5]: 1
2020/11/14-20:12:41.754330 7fe845f4eb20 Options.max_bytes_for_level_multiplier_addtl[6]: 1
2020/11/14-20:12:41.754333 7fe845f4eb20       Options.max_sequential_skip_in_iterations: 8
2020/11/14-20:12:41.754337 7fe845f4eb20                    Options.max_compaction_bytes: 1677721600
2020/11/14-20:12:41.754340 7fe845f4eb20                        Options.arena_block_size: 8388608
2020/11/14-20:12:41.754344 7fe845f4eb20   Options.soft_pending_compaction_bytes_limit: 68719476736
2020/11/14-20:12:41.754348 7fe845f4eb20   Options.hard_pending_compaction_bytes_limit: 274877906944
2020/11/14-20:12:41.754351 7fe845f4eb20       Options.rate_limit_delay_max_milliseconds: 100
2020/11/14-20:12:41.754359 7fe845f4eb20                Options.disable_auto_compactions: 0
2020/11/14-20:12:41.754365 7fe845f4eb20                        Options.compaction_style: kCompactionStyleLevel
2020/11/14-20:12:41.754369 7fe845f4eb20                          Options.compaction_pri: kMinOverlappingRatio
2020/11/14-20:12:41.754373 7fe845f4eb20 Options.compaction_options_universal.size_ratio: 1
2020/11/14-20:12:41.754376 7fe845f4eb20 Options.compaction_options_universal.min_merge_width: 2
2020/11/14-20:12:41.754380 7fe845f4eb20 Options.compaction_options_universal.max_merge_width: 4294967295
2020/11/14-20:12:41.754383 7fe845f4eb20 Options.compaction_options_universal.max_size_amplification_percent: 200
2020/11/14-20:12:41.754387 7fe845f4eb20 Options.compaction_options_universal.compression_size_percent: -1
2020/11/14-20:12:41.754391 7fe845f4eb20 Options.compaction_options_universal.stop_style: kCompactionStopStyleTotalSize
2020/11/14-20:12:41.754395 7fe845f4eb20 Options.compaction_options_fifo.max_table_files_size: 1073741824
2020/11/14-20:12:41.754403 7fe845f4eb20 Options.compaction_options_fifo.allow_compaction: 0
2020/11/14-20:12:41.754419 7fe845f4eb20                   Options.table_properties_collectors: 
2020/11/14-20:12:41.754423 7fe845f4eb20                   Options.inplace_update_support: 0
2020/11/14-20:12:41.754427 7fe845f4eb20                 Options.inplace_update_num_locks: 10000
2020/11/14-20:12:41.754430 7fe845f4eb20               Options.memtable_prefix_bloom_size_ratio: 0.000000
2020/11/14-20:12:41.754434 7fe845f4eb20               Options.memtable_whole_key_filtering: 0
2020/11/14-20:12:41.754438 7fe845f4eb20   Options.memtable_huge_page_size: 0
2020/11/14-20:12:41.754441 7fe845f4eb20                           Options.bloom_locality: 0
2020/11/14-20:12:41.754445 7fe845f4eb20                    Options.max_successive_merges: 0
2020/11/14-20:12:41.754448 7fe845f4eb20                Options.optimize_filters_for_hits: 0
2020/11/14-20:12:41.754451 7fe845f4eb20                Options.paranoid_file_checks: 0
2020/11/14-20:12:41.754455 7fe845f4eb20                Options.force_consistency_checks: 0
2020/11/14-20:12:41.754471 7fe845f4eb20                Options.report_bg_io_stats: 0
2020/11/14-20:12:41.754475 7fe845f4eb20                               Options.ttl: 2592000
2020/11/14-20:12:41.754479 7fe845f4eb20          Options.periodic_compaction_seconds: 0
2020/11/14-20:12:41.757177 7fe845f4eb20 [db/version_set.cc:4672] Recovered from manifest file:/home/williamthefatty/Desktop/GitHub/FXServer/db/default/MANIFEST-000001 succeeded,manifest_file_number is 1, next_file_number is 3, last_sequence is 0, log_number is 0,prev_log_number is 0,max_column_family is 0,min_log_number_to_keep is 0
2020/11/14-20:12:41.757234 7fe845f4eb20 [db/version_set.cc:4681] Column family [default] (ID 0), log number is 0
2020/11/14-20:12:41.758264 7fe845f4eb20 EVENT_LOG_v1 {"time_micros": 1605402761758251, "job": 1, "event": "recovery_started", "log_files": [3]}
2020/11/14-20:12:41.758298 7fe845f4eb20 [db/db_impl/db_impl_open.cc:774] Recovering log #3 mode 2
2020/11/14-20:12:41.758418 7fe845f4eb20 [db/version_set.cc:3920] Creating manifest 5
2020/11/14-20:12:41.770614 7fe845f4eb20 EVENT_LOG_v1 {"time_micros": 1605402761770601, "job": 1, "event": "recovery_finished"}
2020/11/14-20:12:41.771103 7fe845f4eb20 [file/delete_scheduler.cc:73] Deleted file /home/williamthefatty/Desktop/GitHub/FXServer/db/default/000003.log immediately, rate_bytes_per_sec 0, total_trash_size 0 max_trash_db_ratio 0.250000
2020/11/14-20:12:41.778398 7fe845f4eb20 [db/db_impl/db_impl_open.cc:1576] SstFileManager instance 0x7fe823a68b00
2020/11/14-20:12:41.778445 7fe845f4eb20 DB pointer 0x7fe82399a030
2020/11/14-20:12:41.779028 7fe822dc8b20 [db/db_impl/db_impl.cc:854] ------- DUMPING STATS -------
2020/11/14-20:12:41.779080 7fe822dc8b20 [db/db_impl/db_impl.cc:855] 
** DB Stats **
Uptime(secs): 0.0 total, 0.0 interval
Cumulative writes: 0 writes, 0 keys, 0 commit groups, 0.0 writes per commit group, ingest: 0.00 GB, 0.00 MB/s
Cumulative WAL: 0 writes, 0 syncs, 0.00 writes per sync, written: 0.00 GB, 0.00 MB/s
Cumulative stall: 00:00:0.000 H:M:S, 0.0 percent
Interval writes: 0 writes, 0 keys, 0 commit groups, 0.0 writes per commit group, ingest: 0.00 MB, 0.00 MB/s
Interval WAL: 0 writes, 0 syncs, 0.00 writes per sync, written: 0.00 MB, 0.00 MB/s
Interval stall: 00:00:0.000 H:M:S, 0.0 percent

** Compaction Stats [default] **
Level    Files   Size     Score Read(GB)  Rn(GB) Rnp1(GB) Write(GB) Wnew(GB) Moved(GB) W-Amp Rd(MB/s) Wr(MB/s) Comp(sec) CompMergeCPU(sec) Comp(cnt) Avg(sec) KeyIn KeyDrop
----------------------------------------------------------------------------------------------------------------------------------------------------------------------------
 Sum      0/0    0.00 KB   0.0      0.0     0.0      0.0       0.0      0.0       0.0   0.0      0.0      0.0      0.00              0.00         0    0.000       0      0
 Int      0/0    0.00 KB   0.0      0.0     0.0      0.0       0.0      0.0       0.0   0.0      0.0      0.0      0.00              0.00         0    0.000       0      0

** Compaction Stats [default] **
Priority    Files   Size     Score Read(GB)  Rn(GB) Rnp1(GB) Write(GB) Wnew(GB) Moved(GB) W-Amp Rd(MB/s) Wr(MB/s) Comp(sec) CompMergeCPU(sec) Comp(cnt) Avg(sec) KeyIn KeyDrop
-------------------------------------------------------------------------------------------------------------------------------------------------------------------------------
Uptime(secs): 0.0 total, 0.0 interval
Flush(GB): cumulative 0.000, interval 0.000
AddFile(GB): cumulative 0.000, interval 0.000
AddFile(Total Files): cumulative 0, interval 0
AddFile(L0 Files): cumulative 0, interval 0
AddFile(Keys): cumulative 0, interval 0
Cumulative compaction: 0.00 GB write, 0.00 MB/s write, 0.00 GB read, 0.00 MB/s read, 0.0 seconds
Interval compaction: 0.00 GB write, 0.00 MB/s write, 0.00 GB read, 0.00 MB/s read, 0.0 seconds
Stalls(count): 0 level0_slowdown, 0 level0_slowdown_with_compaction, 0 level0_numfiles, 0 level0_numfiles_with_compaction, 0 stop for pending_compaction_bytes, 0 slowdown for pending_compaction_bytes, 0 memtable_compaction, 0 memtable_slowdown, interval 0 total count

** File Read Latency Histogram By Level [default] **

** Compaction Stats [default] **
Level    Files   Size     Score Read(GB)  Rn(GB) Rnp1(GB) Write(GB) Wnew(GB) Moved(GB) W-Amp Rd(MB/s) Wr(MB/s) Comp(sec) CompMergeCPU(sec) Comp(cnt) Avg(sec) KeyIn KeyDrop
----------------------------------------------------------------------------------------------------------------------------------------------------------------------------
 Sum      0/0    0.00 KB   0.0      0.0     0.0      0.0       0.0      0.0       0.0   0.0      0.0      0.0      0.00              0.00         0    0.000       0      0
 Int      0/0    0.00 KB   0.0      0.0     0.0      0.0       0.0      0.0       0.0   0.0      0.0      0.0      0.00              0.00         0    0.000       0      0

** Compaction Stats [default] **
Priority    Files   Size     Score Read(GB)  Rn(GB) Rnp1(GB) Write(GB) Wnew(GB) Moved(GB) W-Amp Rd(MB/s) Wr(MB/s) Comp(sec) CompMergeCPU(sec) Comp(cnt) Avg(sec) KeyIn KeyDrop
-------------------------------------------------------------------------------------------------------------------------------------------------------------------------------
Uptime(secs): 0.0 total, 0.0 interval
Flush(GB): cumulative 0.000, interval 0.000
AddFile(GB): cumulative 0.000, interval 0.000
AddFile(Total Files): cumulative 0, interval 0
AddFile(L0 Files): cumulative 0, interval 0
AddFile(Keys): cumulative 0, interval 0
Cumulative compaction: 0.00 GB write, 0.00 MB/s write, 0.00 GB read, 0.00 MB/s read, 0.0 seconds
Interval compaction: 0.00 GB write, 0.00 MB/s write, 0.00 GB read, 0.00 MB/s read, 0.0 seconds
Stalls(count): 0 level0_slowdown, 0 level0_slowdown_with_compaction, 0 level0_numfiles, 0 level0_numfiles_with_compaction, 0 stop for pending_compaction_bytes, 0 slowdown for pending_compaction_bytes, 0 memtable_compaction, 0 memtable_slowdown, interval 0 total count

** File Read Latency Histogram By Level [default] **
2020/11/14-20:14:23.178218 7fe84d481af0 [db/db_impl/db_impl.cc:401] Shutdown: canceling all background work
2020/11/14-20:14:23.205653 7fe84d481af0 [db/db_impl/db_impl.cc:577] Shutdown complete
